'propose':[0.302387591893519,0.42719804360542935]
'zheng':[0.31103276485096615,0.5191938191856175]
'drit':[0.31937199148875595,0.5285264654652749]
'munit':[0.31228094233307524,0.5072672729281877]
'target':[0.26061616840136487,0.2896411860426333]
'fast':[0.10352019770292889,0.9370009876553245]
'apdrawinggan':[0.2990348799753587,0.6234159810893675]
'cyclegan':[0.3058049766648239,0.5590164141407156]
